90.000000
127.625000
90.000000
70.125000
7.750000
162.000000
200.375000
148.500000
37.250000
22.500000
10.125000
80.500000
56.125000
60.625000
50.000000
111.750000
17.000000
242.875000
37.000000
35.000000
141.875000
25.250000
46.750000
185.875000
202.750000
83.500000
11.250000
105.125000
44.500000
47.250000
1.625000
176.125000
113.125000
61.125000
64.250000
113.750000
72.375000
53.875000
107.625000
92.750000
148.250000
10.500000
123.500000
39.625000
121.250000
41.375000
187.500000
154.125000
52.500000
32.875000
109.250000
51.375000
96.750000
104.125000
132.375000
38.125000
24.750000
72.500000
122.375000
52.000000
109.125000
155.500000
163.625000
25.125000
41.375000
172.000000
192.625000
94.500000
56.500000
66.500000
107.750000
177.375000
57.125000
54.375000
42.625000
46.250000
203.000000
187.875000
127.500000
125.125000
114.125000
23.500000
22.125000
39.625000
198.000000
71.875000
122.000000
134.125000
19.250000
96.125000
138.875000
36.375000
174.750000
39.375000
117.500000
85.000000
173.375000
63.125000
68.250000
175.375000
173.125000
48.375000
40.000000
57.500000
8.750000
32.125000
43.750000
109.875000
210.750000
102.750000
60.750000
5.500000
211.250000
208.250000
98.500000
17.250000
75.375000
55.625000
152.000000
203.125000
28.500000
57.000000
115.000000
43.375000
27.875000
76.250000
31.500000
71.125000
125.375000
158.750000
208.375000
11.000000
22.250000
69.250000
52.625000
79.750000
53.625000
201.125000
194.875000
36.625000
42.250000
40.750000
79.000000
6.750000
18.500000
21.125000
37.875000
30.625000
77.875000
90.750000
41.750000
31.625000
148.500000
143.500000
40.875000
161.000000
122.500000
20.500000
97.375000
173.125000
145.125000
48.125000
160.125000
35.500000
117.250000
122.125000
53.375000
70.000000
52.000000
121.125000
80.750000
194.250000
181.125000
31.750000
211.375000
153.875000
68.875000
157.500000
21.750000
217.875000
19.500000
166.000000
120.000000
130.250000
68.625000
45.250000
18.250000
55.250000
115.500000
189.875000
157.625000
61.375000
22.000000
42.625000
37.000000
124.125000
108.250000
22.625000
34.750000
58.625000
61.375000
23.375000
201.625000
57.000000
171.750000
127.125000
55.500000
12.375000
29.500000
136.000000
59.375000
91.625000
25.000000
126.625000
129.500000
153.125000
25.625000
25.750000
70.750000
48.625000
82.000000
80.875000
10.375000
112.625000
114.750000
5.875000
8.000000
48.625000
36.875000
49.750000
110.250000
15.250000
202.250000
237.500000
58.125000
93.000000
70.250000
98.000000
30.625000
195.375000
86.750000
51.625000
73.625000
47.000000
29.750000
108.875000
89.875000
92.125000
105.125000
120.000000
132.000000
29.875000
49.250000
179.250000
57.375000
155.250000
137.750000
135.000000
46.500000
71.250000
60.250000
26.875000
31.875000
88.000000
25.750000
43.125000
41.625000
166.250000
188.500000
8.500000
61.125000
76.000000
41.625000
73.875000
188.000000
74.000000
12.250000
21.250000
52.500000
44.500000
78.500000
102.625000
87.625000
